(* ::Package:: *)

(*\:5f15\:7528*)
(*
Import["E:\\ColdLab\\Program\\Mathematica\\myLib\\myPhysicalParameter.m"]
*)

(*
Clear["Global`*"]
*)

ms=mm=mW=10^-3;
us=uW=um=uK=ppm=10^-6;
ns=nW=nm=10^-9;
GHz=10^9;
MHz=10^6;
kHz=10^3;



\[HBar]=1.05457266*10^-34;
c=2.99792458*10^8;
\[Mu]0=4*Pi*10^-7;
\[Mu]B=0.927*10^-23;
kB=1.3806503*10^-23;(*\:73bb\:5c14\:5179\:66fc\:5e38\:6570*)
mr=1.674*10^-27;
\[Epsilon]0=8.854187817*10^-12;(*\:771f\:7a7a\:4ecb\:7535\:5e38\:6570*)
e=1.602*10^-19;
a0=0.529*10^-10;
m87=mr*87;(*kg*)
d=2.534*10^-29; (*780nm*)
\[Lambda]780=780.241*10^-9;
k780=(2 \[Pi])/\[Lambda]780;
\[Nu]780=c/\[Lambda]780;
\[Omega]780=\[Nu]780*2*\[Pi];
\[CapitalGamma]780=38.11*10^6;(*\:89d2\:9891\:7387*)
\[CapitalGamma]795=36.10*10^6;
Isat=16.7;


\[Nu]rc=(2*\[Pi]*\[HBar])/(2*m87*\[Lambda]780^2);(*\:5355\:5149\:5b50\:7684\:53cd\:51b2\:52a8\:91cf*)
